,nb_type,num_train,num_test,k,train_acc,test_acc,fit_time,train_s_time,test_s_time
0,bernouli,50,50,1,0.98,0.64,0.052857398986816406,0.36901259422302246,0.43497180938720703
1,bernouli,100,100,1,0.92,0.71,0.08629226684570312,0.5209457874298096,0.5319185256958008
2,bernouli,500,500,1,0.878,0.752,0.41928744316101074,2.6269121170043945,2.6236534118652344
3,bernouli,2000,1000,1,0.832,0.785,1.7241113185882568,11.044315338134766,5.587734937667847
4,bernouli,10000,2000,1,0.8342,0.7855,9.280933380126953,55.95622658729553,11.107151985168457
5,bernouli,60000,10000,1,0.8312666666666667,0.8413,50.44216012954712,329.1005663871765,54.970285177230835
6,bernouli,50,50,5,0.74,0.6,0.043883323669433594,0.4168894290924072,0.2640113830566406
7,bernouli,100,100,5,0.69,0.5,0.09179067611694336,0.688452959060669,0.5441005229949951
8,bernouli,500,500,5,0.862,0.732,0.5411813259124756,2.8057477474212646,2.9871606826782227
9,bernouli,2000,1000,5,0.8235,0.775,1.7223701477050781,11.945752620697021,6.812836408615112
10,bernouli,10000,2000,5,0.8318,0.7835,9.03709864616394,61.949124813079834,13.265871286392212
11,bernouli,60000,10000,5,0.8303166666666667,0.8408,58.95774245262146,362.1813313961029,59.94468641281128
12,bernouli,50,50,30,0.66,0.44,0.048905134201049805,0.34743785858154297,0.26009297370910645
13,bernouli,100,100,30,0.28,0.11,0.10171365737915039,0.5146572589874268,0.5247089862823486
14,bernouli,500,500,30,0.792,0.672,0.46226978302001953,3.0001626014709473,3.153897523880005
15,bernouli,2000,1000,30,0.7965,0.746,1.68080735206604,10.443076610565186,5.270037889480591
16,bernouli,10000,2000,30,0.8222,0.7765,8.674113988876343,61.09187388420105,12.544982194900513
